epoch: 1 loss: 0.9673740168438026
epoch: 2 loss: 0.94831824287651
